C: 1.677951000s	2513272986.434571
Go: 2.892050261s	2513272986.434571
Java: 3.606133576s	2513272986.434571
Javascript: 10.809s	2513272986.434571
PHP: 26.722584	2513272986.434571
Python: 38.205316782s	2513272986.434571

